9|30|5|30
90|13|89|64
67|87|63|81
86|10|48|19
85|57|15|19
89|8|0|48
61|48|18|89
57|87|55|11
36|72|70|41
56|52|81|25
7|3|16|37
7|28|3|12
21|24|77|26
23|62|73|49
51|69|89|47
16|5|57|5
39|3|70|78
90|61|33|36
42|13|15|50
35|25|2|2
10|66|1|73
44|71|48|12
9|56|26|20
0|73|70|47
77|87|83|56
88|66|68|10
8|57|45|33
55|18|46|43
63|41|13|25
46|46|30|81
76|22|19|69
30|55|56|43
35|32|74|1
22|1|24|10
44|35|34|26
30|3|41|89
74|48|62|87
1|66|0|11
23|11|68|3
56|84|42|32
21|69|35|49
82|43|54|4
69|21|31|57
56|58|39|87
19|18|18|77
64|10|60|56
77|7|61|75
49|38|16|43
46|79|38|82
13|35|68|42
60|15|50|38
29|16|48|5
47|33|40|9
56|66|49|90
20|13|6|37
13|1|37|81
1|62|21|40
75|70|82|28
82|33|29|61
42|13|89|73
44|45|35|25
82|13|8|20
57|58|77|16
11|83|64|73
18|82|43|32
44|41|45|73
51|48|48|1
65|90|56|18
17|90|50|43
46|9|18|51
82|83|77|81
74|50|26|15
12|67|86|43
30|53|71|16
65|35|23|63
44|42|43|3
89|30|21|16
69|74|45|79
39|44|39|22
90|31|66|45
72|28|4|28
