0-24|63|38|70
2-54|33|48|60
1-37|26|18|13
0-52|17|48|49
2-36|22|85|39
1-14|68|64|28
2-19|45|79|7
0-78|66|61|10
1-34|32|56|81
0-52|60|7|53
1-73|28|41|15
0-60|66|77|77
1-50|84|2|51
0-17|62|6|24
1-50|2|29|30
2-28|46|46|33
2-33|10|2|71
2-30|75|70|47
0-38|55|73|80
2-76|41|57|41
1-68|76|90|43
0-80|58|23|72
2-90|68|77|89
0-45|81|37|67
1-77|9|32|30
2-15|24|31|44
1-20|76|2|35
0-72|36|78|3
2-32|82|89|7
0-47|11|38|5
1-87|15|88|4
0-46|45|17|20
1-72|37|3|53
2-47|54|46|89
1-89|18|78|57
2-8|60|53|44
0-65|16|3|54
2-69|26|10|8
0-64|34|58|13
1-66|50|11|77
2-15|8|20|72
0-85|32|83|75
0-69|25|63|73
2-19|73|47|24
1-62|77|10|48
0-62|77|84|18
2-48|22|65|62
1-15|85|16|30
2-2|11|2|63
0-49|87|60|33
1-6|46|44|65
